ATTEMPT 029, stage 5b -- DH analysis with the FE MIRROR PARTNERS restored.

Stage 5 seeded Newton only to the RIGHT of the line, so it found 137 zeros with beta > 1/2 and
only 21 of their partners.  The self-dual FE makes the partner exact: if (beta, gamma) is a
zero then so is (1-beta, gamma).  Restoring them:

CENSUS GATE (the whole stage rests on it):  3032 on-line + 2*137 off-line = 3306
against delta theta_f/pi = 3306.53 over t in [100,3100].  Slack 0.53, i.e. |S| < 1.  COMPLETE.

Measured objects, all on the SAME certified-complete zero set:
   a_on (n)  = (2pi/W) sum_{on-line}  n^{i gamma}
   a_all(n)  = a_on + (2pi/W) * 2 * sum_{pairs} n^{i gamma}          [every ordinate, no betas]
   a_bet(n)  = a_on + (2pi/W) * sum_{pairs} 2 cosh(d log n) n^{i gamma}   [Landau's actual sum]
   prediction  -Lambda_f(n)/sqrt n,  Lambda_f from the recursion a_n log n = sum_{d|n} Lambda_f(d) a_{n/d}.

pairs: 137 with beta>1/2, 21 with beta<1/2, of which 21 are mirrors of a located right partner (so 0 unmatched)
CENSUS GATE: on-line 3032 + 2*137 = 3306 vs delta theta_f/pi = 3306.53   slack +0.53  -> COMPLETE
   f_off = 0.0829;  displacement d: median 0.1976 mean 0.1940 min 0.0159 max 0.3978
   incoherent floors: all zeros 0.1204, off-line only 0.0347

   n n%5    Lam_f     pred |     a_on  a_offO  a_offB   a_all   a_bet |    on/p  all/p  bet/p |  |a_off|/fl
   2   2   0.1969  -0.1392 |   0.2778 -0.4136 -0.4188 -0.1358 -0.1410 |  -1.995  0.976  1.013 |       11.95
   3   3  -0.3121   0.1802 |  -0.2283  0.3957  0.4086  0.1673  0.1803 |  -1.267  0.929  1.000 |       11.43
   4   4  -1.4422   0.7211 |   0.4244  0.2815  0.2959  0.7059  0.7203 |   0.588  0.979  0.999 |        8.14
   6   1   1.9364  -0.7905 |  -0.2883 -0.4665 -0.5036 -0.7548 -0.7919 |   0.365  0.955  1.002 |       13.46
   7   2   0.5528  -0.2089 |   0.1245 -0.2972 -0.3312 -0.1726 -0.2067 |  -0.596  0.826  0.989 |        8.58
   8   3   0.0159  -0.0056 |   0.0794 -0.0720 -0.0844  0.0074 -0.0050 | -14.139 -1.326  0.885 |        2.35
   9   4  -2.2859   0.7620 |   0.4605  0.2653  0.3006  0.7257  0.7611 |   0.604  0.952  0.999 |        7.66
  11   1   2.3979  -0.7230 |  -0.6130 -0.1030 -0.1122 -0.7160 -0.7252 |   0.848  0.990  1.003 |        3.07
  12   2  -0.7629   0.2202 |  -0.1040  0.2731  0.3245  0.1691  0.2205 |  -0.472  0.768  1.001 |        7.91
  13   3  -0.7286   0.2021 |  -0.0212  0.1810  0.2219  0.1598  0.2006 |  -0.105  0.791  0.993 |        5.26
  14   4  -2.8520   0.7622 |   0.3465  0.3484  0.4153  0.6950  0.7618 |   0.455  0.912  0.999 |       10.05
  16   1   1.3818  -0.3454 |  -0.3380 -0.0173 -0.0133 -0.3553 -0.3513 |   0.978  1.029  1.017 |        0.50
  17   2   0.8049  -0.1952 |   0.0134 -0.1693 -0.2172 -0.1558 -0.2037 |  -0.069  0.798  1.044 |        4.93
  18   3   0.8874  -0.2092 |   0.1026 -0.2525 -0.3198 -0.1499 -0.2172 |  -0.490  0.717  1.039 |        7.31
  19   4  -2.9444   0.6755 |   0.5645  0.0916  0.1041  0.6561  0.6686 |   0.836  0.971  0.990 |        2.65
  21   1   3.2902  -0.7180 |  -0.3147 -0.3175 -0.4014 -0.6322 -0.7161 |   0.438  0.881  0.997 |        9.16
  23   3  -0.8907   0.1857 |  -0.0062  0.1426  0.1904  0.1364  0.1842 |  -0.033  0.734  0.992 |        4.15
  24   4   0.2772  -0.0566 |   0.1586 -0.1515 -0.2047  0.0071 -0.0460 |  -2.804 -0.126  0.814 |        4.39
  26   1   3.5210  -0.6905 |  -0.3723 -0.2418 -0.3188 -0.6141 -0.6911 |   0.539  0.889  1.001 |        6.98
  27   2  -0.0252   0.0048 |  -0.0652  0.0433  0.0730 -0.0219  0.0077 | -13.461 -4.523  1.594 |        1.58
  28   3   1.0230  -0.1933 |   0.0832 -0.1934 -0.2707 -0.1102 -0.1875 |  -0.431  0.570  0.970 |        5.59
  29   4  -3.3673   0.6253 |   0.5788  0.0433  0.0513  0.6221  0.6301 |   0.926  0.995  1.008 |        1.32
  31   1   3.4340  -0.6168 |  -0.5487 -0.0682 -0.0713 -0.6168 -0.6200 |   0.890  1.000  1.005 |        1.97
  32   2   0.0013  -0.0002 |  -0.0170  0.0077  0.0142 -0.0093 -0.0028 |  74.993 41.162 12.328 |        0.34
  34   4  -3.8109   0.6536 |   0.3551  0.2134  0.2970  0.5685  0.6520 |   0.543  0.870  0.998 |        6.16
  36   1  -2.4052   0.4009 |   0.0424  0.2602  0.3626  0.3026  0.4050 |   0.106  0.755  1.010 |        7.51
  37   2   1.0258  -0.1686 |  -0.0092 -0.1091 -0.1645 -0.1183 -0.1737 |   0.054  0.701  1.030 |        3.24
  39   4  -3.9592   0.6340 |   0.2949  0.2404  0.3284  0.5352  0.6233 |   0.465  0.844  0.983 |        6.95
  41   1   3.7136  -0.5800 |  -0.4830 -0.0827 -0.0993 -0.5657 -0.5822 |   0.833  0.975  1.004 |        2.39
  42   2  -2.2950   0.3541 |  -0.1019  0.3228  0.4651  0.2208  0.3632 |  -0.288  0.624  1.026 |        9.31
  43   3  -1.0685   0.1629 |   0.0306  0.0746  0.1213  0.1052  0.1520 |   0.188  0.646  0.933 |        2.21
  46   1   4.1376  -0.6101 |  -0.3455 -0.1795 -0.2617 -0.5250 -0.6072 |   0.566  0.861  0.995 |        5.23
  47   2   1.0937  -0.1595 |  -0.0377 -0.0700 -0.1056 -0.1077 -0.1433 |   0.236  0.675  0.898 |        2.02
  48   3  -0.0959   0.0138 |  -0.0439  0.0274  0.0538 -0.0165  0.0099 |  -3.171 -1.194  0.712 |        1.26
  49   4  -4.0489   0.5784 |   0.3592  0.1427  0.2146  0.5019  0.5739 |   0.621  0.868  0.992 |        4.13
  51   1   4.2491  -0.5950 |  -0.3171 -0.1868 -0.2839 -0.5040 -0.6010 |   0.533  0.847  1.010 |        5.39
  52   2  -1.2130   0.1682 |  -0.0165  0.1272  0.2080  0.1107  0.1914 |  -0.098  0.658  1.138 |        3.67
  53   3  -1.1279   0.1549 |   0.0282  0.0782  0.1141  0.1063  0.1422 |   0.182  0.686  0.918 |        2.26
  54   4   0.3479  -0.0473 |   0.1419 -0.1209 -0.1944  0.0210 -0.0525 |  -2.998 -0.445  1.108 |        3.62
  56   1  -0.3511   0.0469 |  -0.0989  0.0741  0.1393 -0.0248  0.0404 |  -2.109 -0.529  0.861 |        2.14
  59   4  -4.0775   0.5309 |   0.4741  0.0417  0.0549  0.5158  0.5290 |   0.893  0.972  0.996 |        1.40
  61   1   4.1109  -0.5263 |  -0.4588 -0.0413 -0.0667 -0.5001 -0.5254 |   0.872  0.950  0.998 |        1.24
  63   3   1.2720  -0.1603 |   0.1004 -0.1642 -0.2655 -0.0638 -0.1650 |  -0.627  0.398  1.030 |        4.74
  64   4  -1.3867   0.1733 |   0.1671  0.0056 -0.0017  0.1727  0.1654 |   0.964  0.996  0.955 |        0.97
  67   2   1.1945  -0.1459 |  -0.0248 -0.0750 -0.1211 -0.0998 -0.1459 |   0.170  0.684  1.000 |        2.19
  68   3   1.2954  -0.1571 |   0.0278 -0.1221 -0.2041 -0.0943 -0.1763 |  -0.177  0.600  1.122 |        3.66
  69   4  -4.5758   0.5509 |   0.2729  0.1738  0.2712  0.4467  0.5441 |   0.495  0.811  0.988 |        5.09
  71   1   4.2627  -0.5059 |  -0.4232 -0.0435 -0.0706 -0.4667 -0.4938 |   0.837  0.923  0.976 |        1.27
  72   2   1.5249  -0.1797 |   0.0414 -0.1194 -0.2150 -0.0780 -0.1736 |  -0.230  0.434  0.966 |        3.61
  73   3  -1.2188   0.1427 |   0.0377  0.0444  0.0875  0.0821  0.1251 |   0.264  0.575  0.877 |        1.42
  74   4  -4.6514   0.5407 |   0.2954  0.1486  0.2315  0.4440  0.5269 |   0.546  0.821  0.974 |        4.29
  78   3   2.6751  -0.3029 |   0.0625 -0.2183 -0.3626 -0.1558 -0.3001 |  -0.206  0.514  0.991 |        6.30
  79   4  -4.3694   0.4916 |   0.4387  0.0400  0.0518  0.4787  0.4905 |   0.892  0.974  0.998 |        1.16

Medians over ALL 53 lines with Lambda_f != 0:
   a_on /pred = 0.2365   a_all/pred = 0.8211   a_bet/pred = 0.9983
Medians over the 26 lines with |pred| > 0.25 (resolvable above the 0.120 floor):
   a_on /pred = 0.5774  => Delta_online = -0.4226   [Fact 3 predicts -0.0829]
   a_all/pred = 0.9172  => Delta_all    = -0.0828
   a_bet/pred = 0.9986  => Delta_beta   = -0.0014

NULL-6 (Landau unusable for DH): a_bet/pred = 0.9986  -> NULL REFUTED: Landau HOLDS for DH with the true Lambda_f
NULL-5 (no FE suppression): |Delta_all| / |Delta_online| = 0.196  -> NULL REFUTED: the FE suppresses the ordinate deficit
NULL-7 (off-line zeros carry no arithmetic): median |a_off|/floor over resolvable lines = 5.16  (3.0 = 3 sigma)
   -> NULL REFUTED: the off-line zeros are COHERENT

The n = 2,3 mod 5 anomaly (bisector law predicts NO line; true Lambda_f predicts one):
     n     a_on    a_off    a_all    a_bet   pred_f  bet/pred
     2   0.2778  -0.4136  -0.1358  -0.1410  -0.1392     1.013
     3  -0.2283   0.3957   0.1673   0.1803   0.1802     1.000
     7   0.1245  -0.2972  -0.1726  -0.2067  -0.2089     0.989
     8   0.0794  -0.0720   0.0074  -0.0050  -0.0056     0.885
    13  -0.0212   0.1810   0.1598   0.2006   0.2021     0.993
    17   0.0134  -0.1693  -0.1558  -0.2037  -0.1952     1.044
    23  -0.0062   0.1426   0.1364   0.1842   0.1857     0.992
    27  -0.0652   0.0433  -0.0219   0.0077   0.0048     1.594
    32  -0.0170   0.0077  -0.0093  -0.0028  -0.0002    12.328
    37  -0.0092  -0.1091  -0.1183  -0.1737  -0.1686     1.030
