window [1e6, 1e6+400], 7758 pts (|Z|>0.05), 18 clocks x (cos+sin)
R^2 (free amplitudes) = 0.4932

   n  fitted cos   predicted    gauge  fitted sin
   2     0.66332    -0.70711   -0.938    -0.00464
   3     0.52860    -0.57735   -0.916    -0.00046
   4     0.24131    -0.25000   -0.965     0.00051
   5     0.40833    -0.44721   -0.913     0.00623
   7     0.34859    -0.37796   -0.922     0.00628
   8     0.10556    -0.11785   -0.896    -0.00294
   9     0.16300    -0.16667   -0.978     0.00640
  11     0.27937    -0.30151   -0.927    -0.00050
  13     0.25052    -0.27735   -0.903     0.00174
  16     0.07418    -0.06250   -1.187     0.00285
  17     0.23164    -0.24254   -0.955    -0.00007
  19     0.21555    -0.22942   -0.940     0.00567
  23     0.18730    -0.20851   -0.898     0.00398
  25     0.10081    -0.10000   -1.008     0.00254
  27     0.05724    -0.06415   -0.892    -0.00438
  29     0.17295    -0.18570   -0.931     0.00168
  31     0.16320    -0.17961   -0.909     0.00439
  32     0.03089    -0.03536   -0.874    -0.00579

mean gauge (chi): -0.9418  scatter 0.0677
sin-leakage RMS / cos RMS: 0.0141
DC of log|Z| over window (the Littlewood mode): +0.12804
