(1) is log r = delta/gamma^2 ?
  gamma  delta     log r          delta/gamma^2    ratio
     10    0.3    0.0029898435           0.003   0.996614
     10    0.1   0.00099740707           0.001   0.997407
     10   0.02   0.00019950045          0.0002   0.997502
     18    0.3   0.00092495556   0.00092592593   0.998952
     18    0.1   0.00030839451   0.00030864198   0.999198
     18   0.02    6.1680726e-5    6.1728395e-5   0.999228
     30    0.3   0.00033320747   0.00033333333   0.999622
     30    0.1   0.00011107902   0.00011111111   0.999711
     30   0.02    2.2216041e-5    2.2222222e-5   0.999722
     50    0.3   0.00011998368         0.00012   0.999864
     50    0.1     3.999584e-5          4.0e-5   0.999896
     50   0.02    7.9991988e-6          8.0e-6   0.9999

(2) detection order n*: solve  n log r = log(lambda_n)  
  gamma  delta      n*(solved)      gamma^2/delta   n*/(g^2/d)
     10    0.3        3300.038             333        9.9
     10    0.1        11320.06            1000       11.3
     10   0.02        66598.21            5000       13.3
     18    0.3        12310.15            1080       11.4
     18    0.1        41358.07            3240       12.8
     18   0.02        238253.5           16200       14.7
     30    0.3        37992.97            3000       12.7
     30    0.1        125976.7            9000       14.0
     30   0.02        715638.4           45000       15.9
     50    0.3        115855.3            8333       13.9
     50    0.1        380246.8           25000       15.2
     50   0.02       2135850.0          125000       17.1

(3) direct check at gamma=18, delta=0.3: scan for an actual violation
   first violating n found by scan: 10750   (law predicts ~1.2e4)
