H = 318.853,  log H = 5.765,  sigma = 0.75
 tau      H-tau    S(tau)      nearest-zero dist
   250.0   68.85   5.757       0.426
   280.0   38.85   2.465       0.771
   300.0   18.85   12.42       0.160
   310.0    8.85   14.74       0.109
   314.0    4.85   17.19       0.015
   316.0    2.85   3.88        0.524
   317.0    1.85   2.641       0.735
   318.0    0.85   9.142       0.265
   318.5    0.35   7.161       0.353
   318.8    0.05   16.39       0.053
   319.0   -0.15   12.72       0.147
   320.0   -1.15   1.086       1.147
   322.0   -3.15   0.2634      3.147
   325.0   -6.15   0.1154      6.147
   330.0  -11.15   0.05813     11.147
