14.13472514173469379045725
21.02203963877155499262848
25.01085758014568876321379
30.4248761258595132103119
32.93506158773918969066237
37.58617815882567125721776
40.91871901214749518739813
43.32707328091499951949612
48.00515088116715972794247
49.77383247767230218191678
52.9703214777144606441473
56.44624769706339480436776
59.34704400260235307965365
60.8317785246098098442599
65.11254404808160666087505
67.07981052949417371447883
69.54640171117397925292686
72.06715767448190758252211
75.70469069908393316832692
77.14484006887480537268266
79.33737502024936792276359
82.91038085408603018316484
84.73549298051705010573531
87.42527461312522940653167
88.80911120763446542368235
92.49189927055848429625973
94.65134404051988696659793
95.87063422824530975874103
98.83119421819369223332442
101.3178510057313912287854
103.7255380404783394163984
105.4466230523260944936708
107.1686111842764075151234
111.0295355431696745246565
111.8746591769926370856121
114.3202209154527127658909
116.2266803208575543821608
118.7907828659762173229791
121.3701250024206459189455
122.9468292935525882008175
124.256818554345767184732
127.5166838795964951242793
129.578704199956050985768
131.0876885309326567235664
133.4977372029975864501305
134.7565097533738713313261
138.1160420545334432001916
139.73620895212138895045
141.1237074040211237619404
143.1118458076206327394051
146.0009824867655185474025
147.4227653425596020495212
150.0535204207848803514325
150.9252576122414667618525
153.0246938111988961982565
156.1129092942378675697502
157.5975918175940598875305
158.849988171420498724175
161.1889641375960275194373
163.030709687181987243311
165.5370691879004188300389
167.1844399781745134409578
169.0945154155688214895059
169.9119764794116989666998
173.4115365195915529598461
174.7541915233657258133788
176.4414342977104188888926
178.3774077760999772858309
179.91648402025699613934
182.207078484366461915407
184.8744678483875088009606
185.5987836777074714665277
187.2289225835018519916415
189.4161586560169370848523
192.0266563607137865472836
193.0797266038457040474022
195.2653966795292353214632
196.8764818409583169486223
198.0153096762519124249199
201.2647519437037887330161
202.4935945141405342776867
204.1896718031045543307164
205.3946972021632860252124
207.906258887806209861502
209.5765097168562598528356
211.6908625953653075639075
213.3479193597126661906391
214.5470447834914232229442
216.1695385082637002658696
219.0675963490213789856773
220.7149188393140033691156
221.4307055546933387320975
224.0070002546043352117289
224.9833246695822875037825
227.4214442796792913104614
229.3374133055253481077601
231.2501887004991647738062
231.9872352531802486037717
233.6934041789083006407045
236.5242296658162058024755
237.7698204809252040032366
239.5554775733276287402689
241.0491577962165864128379
242.8232719342226000168265
244.0708984970781582368165
247.136990074897499467551
248.1019900601484592567621
249.5736896447072091923298
251.0149477950160011429542
253.069986747999477194599
255.3062564549140227530865
256.3807136944344777893584
258.6104394915313682089831
259.8744069896780003506728
260.8050845045968701859312
263.5738939048701322330816
265.5578518388763202924773
266.6149737815010724957201
267.921915082824059440379
269.9704490239976025946935
271.4940556416449990181794
273.4596091884032870457143
275.5874926493438412487407
276.4520495031329386798873
278.2507435298419544927483
279.2292509277451892284099
282.4651147650520962330272
283.2111857332338674204938
284.8359639809047241331576
286.6674453630028842928476
287.9119205014221871552541
289.579854929218834152738
291.8462913290673958355131
293.5584341393562853567767
294.9653696192655421750664
295.5732548789582923884608
297.9792770619434152099297
299.8403260537213129600271
301.6493254621941836234701
302.6967495896069170517515
304.8643713408572977001487
305.7289126020368092892228
307.21949612817005478941
310.1094631467018988047862
311.1651415303560032709427
312.427801180600891980486
313.985285731158922979049
315.4756160894757338685961
317.7348059423701803956455
318.8531042563165979066892
321.1601343091135782919215
322.1445586724829322988374
323.466969557512050506212
324.8628660517396132649801
327.4439012619054573434693
329.0330716804809340336147
329.9532397282338663438921
331.4744675826634243756618
333.6453785248698505849617
334.2113548332443832324034
336.8418504283906847946548
338.3399928508066118862573
339.8582167253635401923266
341.0422611110465604825978
342.0548775103635854514038
344.6617029402523370441812
346.3478705660099473959365
347.2726775844204844757971
349.3162608706961441231556
350.408419349192099187672
351.8786490253592804367134
353.4889004887188067836038
356.0175749772649473179604
357.1513022520396248096029
357.9526851016322737551289
359.743754953114448799292
361.2893616958046503902913
363.3313305789738347473344
364.7360241140889937162621
366.2127102883313168610771
367.9935754817403033261833
368.9684380957343898915769
370.0509192121060003396512
373.0619283721128384491194
373.8648739109085697447564
375.8259127667393341079077
376.3240922306680521171908
378.436680249965479724091
379.8729753465323466510241
381.4844686171865249196625
383.4435294495364877043458
384.9561168148636871037516
385.861300845974229180562
387.2228902223879809759485
388.8461283542322546008094
391.4560835636380457705782
392.2450833395190967490152
393.427743844434025936699
395.5828700109937209708777
396.3818542225921869319995
397.9187362096142433869812
399.9851198761948995059173
401.8392286005332165399113
402.8619177638861141763154
404.2364418002080047402278
405.1343874599099272574863
407.581460386896182076309
408.947245502351112519634
410.5138691933666386467691
411.9722678042787506646403
413.2627360701850468862571
415.0188097551551156463192
415.4552149962945988571288
418.3877057895347792260457
419.8613648181523236878523
420.6438276250417862679747
422.0767100588267596298407
423.7165796274818186105629
425.0698824944613476143747
427.2088250840745805281429
428.1279140766166821103051
430.328745430938636669927
431.3013069307035920195051
432.1386417345885683062532
433.8892184809272253029466
436.1610064326469840718015
437.5816981676685811540132
438.621738656272196290915
439.9184422143706564102218
441.6831992011890238742044
442.9045463026094494697231
444.3193362775591559203057
446.8606226964295225288609
447.4417041944932900655269
449.1485456850233047530235
450.1269457803135240300458
451.4033084453887954621132
453.9867378066779160383668
454.9746837686167888753094
456.3284266892460512244998
457.9038930641029715746993
459.5134152811060117540099
460.0879444221758412553303
462.0653672748825309638309
464.0572869105482845762461
465.6715392113710945529666
466.5702869308262551673921
467.439046210261638856645
469.5360045591120321918191
470.7736554781016476901189
472.799174661908816658298
473.8352323451396870738055
475.6003393693757856054288
476.7690152374845208528487
478.0752637666709691998727
478.9421815346348265383171
481.8303393762865613666814
482.834782790982397306557
483.8514272124825375601882
485.5391481293560069300254
486.5287182616512443523675
488.3805670900174485271114
489.6617615779561315127809
491.3988215936630065692133
493.3144415817853009363606
493.9579978053694649095831
495.3588288221312774968341
496.4296962157591034839189
498.5807824296865420166751
500.3090849416904955393094
501.6044469651454776633325
502.2762703271182331753995
504.4997733134277371837913
505.4152317422444420295522
506.4641527095235312215261
508.8007003364678208094697
510.2642279436728344207795
511.5622897003745954604549
512.6231445314074186671013
513.6689855554736834362441
515.4350571672993772496769
517.589668572467425341358
518.2342231475501435738583
520.1063104117232559031961
521.5251934494920409677324
522.4566961777302104301444
523.9605308920158404870075
525.0773856872796221805912
527.9036416012723452296173
528.4062138522926589416089
529.806226318706900798164
530.8669178839610896443874
532.6881830282937305051264
533.7796307537687325654825
535.6643140758732246170461
537.0697590831223275883897
538.428526176247962843501
540.2131663762281333836457
540.6313902472951173601281
541.8474371212012815471191
544.3238901010052629031213
545.6368332489348182548554
547.0109120581222924636559
547.9316133644893383104512
549.4975675626613784599847
550.9700100394838890456572
552.0495722005648927925767
553.7649721191588146171498
555.7920205616825084165732
556.8994764068553512619642
557.564659172058528408524
559.3162370286821637609351
560.2408074972956682417933
562.5592076160458511081379
564.1608791107861178138795
564.506055938149835122246
566.6987876828079562415123
567.7317579011769374503347
568.9239551796293684967535
570.051114782463592038527
572.4199841324527640452769
573.614610526758129987246
575.0938860144948856074572
575.8072471409287807094293
577.0390034720982112166371
579.0988346720366074312844
580.1369593623846286727163
581.9465762659016255515061
583.2360882191672782619606
584.5617059034655283669459
585.9845632049883005741873
586.7427718912501556447718
588.1396632662479564175542
590.660397516765275631032
591.7258580650480566492224
592.5713583002255698207727
593.9747146822310292438052
595.7281536973889491770209
596.3627683283936840895791
598.4930773461647544010636
599.5456403643648539975154
601.6021367359326360517381
602.5791678863873542988227
603.625618903579160672244
604.6162184937532329146396
606.3834604221090410886743
608.4132173111873251751267
609.3895751547200805273239
610.8391629377394069267025
611.7742096208872046351684
613.5997786756371194051865
614.6462378722326215255531
615.5385633694070278534743
618.1128313664423733825402
619.1844825979536342490281
620.2728936722275219190856
621.7092945279486229572986
622.3750027397790092178815
624.2699000181778808347729
626.0192834276543821983362
627.2683968507830207519976
628.3258623594603619359438
630.4738874382920458706066
630.8057809271975326418717
632.2251411671159519521547
633.5468582522517774841971
635.5238003106054538105256
637.3971931598373071737481
637.9255139808225810934288
638.9279382668567701937727
640.6947946688256676231875
641.9454996657052945453785
643.2788837813978893611434
644.9905782297480025124437
646.3481915955015920338809
647.7617530042888837937668
648.7864008887824407710801
650.1975193452564590832539
650.6686838913959825305606
653.6495716053946919020869
654.3019205863193422754706
655.7094630223556363160267
656.9640845994606174228699
658.1756144186053997448798
659.6638459729641078311652
660.7167325952792700521589
662.2965864311004106443783
664.2446046522730134498903
665.3427630955990405427882
666.5151477041729605487751
667.1484948945554299410692
668.9758488202351314061923
670.3235852058625840344296
672.4581835841697341813651
673.043578286147645770131
674.3558978101231678961563
676.1396743636267482031781
677.2301806687639732478548
677.8004447462213349189388
679.7421978825282177195259
681.8949915331518891094524
682.6027350197505454875408
684.0135498138695052361941
684.9726298620984525457367
686.163223587727949603473
687.9615431847036484827963
689.3689413622723684232552
690.4747350323503976939431
692.4516844155208488498467
693.1769700606018248456231
694.5339086998731400156307
695.7263359209267301678014
696.6260699003456149709028
699.1320954760135067108162
700.2967391321434945680121
701.3017429546461556851739
702.2273431457605001194353
704.0338392955253093226531
705.1258139546192276668675
706.184654799517919025811
708.269070885109899995269
709.2295885702843007090347
711.1302741796854315654749
711.9002899143753120389151
712.7493834701012902546106
714.0827718206693930769245
716.112396454052110148182
717.4825697031001907144419
718.7427865454858939884492
719.697100988365665132691
721.3511622185364171283862
722.2775049756742373403761
723.8458210451284155116719
724.5626138903790795922462
727.0564032300493816176484
728.4054815889340600347444
728.7587497956142685661306
730.416482122756434709944
731.4173549185985250807494
732.8180527144998492085675
734.7896432523779942523125
735.7654592085783210769322
737.0529289122653080423105
738.5804211713738225217054
739.909523674041944029701
740.573807447295010515036
741.7573355729416732758612
743.8950131424736593815501
745.3449895506118743256405
746.499305899432329509605
747.6745636242695283595694
748.2427544650845478685033
750.6559503621242998668074
750.9663810666508372684584
752.8876215672023747495077
754.3223704717126726851031
755.8393089760378298727924
756.7682484399509307201332
758.1017292464125834114898
758.9002382248923747674354
760.2823669835120645318696
762.700033249691054728069
763.5930661728372229969732
764.3075227241802217362512
766.0875400998362053944225
767.2184721555395140824994
768.2814618065092308234567
769.6934072526244243250067
771.0708393136783163211872
772.9616175657570243378292
774.1177446279405074021419
775.047847096580508050017
775.9997119631714424777316
777.299748529592564816511
779.1570769491890040639245
780.3489250041816705381278
782.1376643908120947543177
782.5979439460735398661665
784.2888226124655014631461
785.7390897007150518406462
786.4611474505062774598968
787.4684638159100383814735
790.059092364119564294946
790.8316204679210350190829
792.4277076086045268663911
792.8886525626225880422428
794.4837918698931644813184
795.6065961561624126279126
797.2634700380355849161917
798.707570166296211309692
799.6543362108976327728269
801.6042464629820559666766
802.5419848784181496624171
803.2430962042701941902262
804.7622391126617639515958
805.8616356670948028368032
808.1518149359937473923559
809.1977833633007103877196
810.0818048864070998915247
811.1843588465062603378843
812.7711083891093427198013
814.0459136075109935019676
814.8705396258725677840197
816.7277377143947163165026
818.3806688663616765115868
819.204642170823862605824
820.721898443869287466431
821.713454133379401809876
822.1977574934042771435819
824.5262938716297481637665
826.0392873765743835480142
826.9058109540807719796645
828.3401743004899003705042
829.4370109683093336230476
830.8958840533174007300786
831.7997776590705830743246
833.0036409091541995383113
834.6519151478255758073453
836.6935761875918671688703
837.3473350595315147674864
