L2hA=(0.8933960461019885775242754551170063663084 + 1.812959087169287280939193038483216030104e-48j)
L2oA=(1.057599244590957849121078349965202273337 + 3.437910632787589586672605506069509154888e-48j)
L2hB=(0.893396046101988577524275451659671529772 - 1.875923736854404396505296347923451290887e-47j)
L2oB=(1.05759924459095784805054991532076837715 - 1.916504382038259480448722307142469520135e-47j)
L4hA=(0.6058003920543296092004497069512826694123 + 3.278862617490492493662476647792814012284e-48j)
L4oA=(0.7308059068884769828252547085132743037368 - 2.490435015428676548942282453080373105679e-48j)
L4hB=(0.6058003920543296092004497044117398258484 + 5.975630296979879607413253655386917677391e-47j)
L4oB=(0.7308059068884769820847137760426436878982 + 6.222525445296572013498652921232760686202e-47j)