T=600.0  l=4.55905  l1=4.94535  N(I)=472.25  eta=0.01
  lam   lam1       L          X     Npp     d        D/L^2      D_paper       O1/L^2      O1_main   ratio     O2/L^2   |O1|/D  bound L^2X  [s]
 0.60  0.553   2.735         15       9   261       501.44       505.28        -0.41        -0.00     nan      0.519   0.0008   1.154e+02  [0]
 0.80  0.738   3.647         38      19   348      1246.06      1253.33         1.36        -0.00     nan     -1.017   0.0011   5.104e+02  [0]
 1.00  0.922   4.559         95      34   435      2517.38      2529.58         0.66        -0.00     nan     -3.377   0.0003   1.985e+03  [0]
 1.10  1.014   5.015        151      48   478      3394.92      3413.66         1.33        -0.01 -123.485      0.541   0.0004   3.789e+03  [0]
 1.25  1.152   5.699        299      79   544      5080.24      5098.41         3.70       -13.62  -0.272     -2.666   0.0007   9.695e+03  [0]
 1.50  1.383   6.839        933     182   653      8997.49      9021.91       -25.44      -216.00   0.118     -0.220   0.0028   4.364e+04  [1]
 1.75  1.613   7.978       2917     458   761     14542.37     14592.17      -359.52      -888.11   0.405     -7.205   0.0247   1.857e+05  [3]
 2.00  1.844   9.118       9119    1180   870     22031.52     22093.24     -1437.60     -2312.70   0.622     -5.991   0.0653   7.581e+05  [8]
 2.25  2.074  10.258      28506    3172   979     31734.76     31808.36     -3596.53     -4772.57   0.754    -10.422   0.1133   3.000e+06  [24]
 2.50  2.305  11.398      89110    8737  1088     43932.58     44017.55     -6986.98     -8550.48   0.817     15.073   0.1590   1.158e+07  [75]
