14.1347251417346937904572519835624702707843
21.0220396387715549926284795938969027773343
25.0108575801456887632137909925628218186595
30.4248761258595132103118975305840913201816
32.9350615877391896906623689640749034888127
37.5861781588256712572177634807053328214056
40.9187190121474951873981269146332543957262
43.3270732809149995194961221654068057826457
48.0051508811671597279424727494275160416868
49.7738324776723021819167846785637240577232
52.970321477714460644147296608880990063825
56.4462476970633948043677594767061275527823
59.3470440026023530796536486749922190310988
60.8317785246098098442599018245240038029101
65.1125440480816066608750542531837050293481
67.0798105294941737144788288965222167701071
69.5464017111739792529268575265547384430125
72.0671576744819075825221079698261683904809
75.7046906990839331683269167620303459228119
77.144840068874805372682664856304637015796
79.3373750202493679227635928771162281906132
82.9103808540860301831648374947706094975089
84.7354929805170501057353112068277414171066
87.4252746131252294065316678509192132521719
88.8091112076344654236823480795093783954449
92.4918992705584842962597252418106848787218
94.651344040519886966597925815208153937728
95.8706342282453097587410292192467816952565
98.831194218193692233324420138622327820658
101.317851005731391228785447940292308906333
103.725538040478339416398408108695280834481
105.446623052326094493670832414111808997283
107.168611184276407515123351963086191213477
111.029535543169674524656450309944350415346
111.874659176992637085612078716770594960312
114.320220915452712765890937276191079809918
116.22668032085755438216080431206475512733
118.790782865976217322979139702699824347306
121.370125002420645918945532970499922723001
122.946829293552588200817460330770016496214
124.256818554345767184732007966129924441574
127.516683879596495124279323766906076268088
129.578704199956050985768033906179973608641
131.087688530932656723566372461501349059204
133.497737202997586450130492042640607664974
134.756509753373871331326064157169736178396
138.116042054533443200191555190282447859835
139.73620895212138895045004652338246084679
141.123707404021123761940353818475355090301
143.111845807620632739405123868913929966233
146.000982486765518547402507596424682428976
147.422765342559602049521185010431506168773
150.053520420784880351432467236959370623037
150.925257612241466761852524678305627602427
153.02469381119889619825654425518544650859
156.112909294237867569750189310169194746535
157.597591817594059887530503158498765730724
158.849988171420498724174994775540271414335
161.188964137596027519437344129369554364916
163.030709687181987243311039000687994896964
165.537069187900418830038919354874797328367
167.184439978174513440957756246210378736461
169.094515415568821489505871181431834796668
169.911976479411698966699843595821792288394
173.411536519591552959846118649345595254156
174.754191523365725813378762455866917938756
176.441434297710418888892641057860933528118
178.377407776099977285830935414184426183132
179.916484020256996139340036612051237453688
182.207078484366461915407037226987798690797
184.874467848387508800960646617234258413351
185.598783677707471466527704268392646612935
187.228922583501851991641540586131243016811
189.416158656016937084852289099845324491357
192.02665636071378654728363142558343010584
193.079726603845704047402205794376054604021
195.265396679529235321463187814862250926905
196.876481840958316948622263914696207735746
198.015309676251912424919918702208867155063
201.264751943703788733016133427548173222403
202.49359451414053427768666063786431582102
204.189671803104554330716438386313685136535
205.394697202163286025212379390693090923723
207.906258887806209861501967907753644268659
209.576509716856259852835644289886752175391
211.690862595365307563907486730719294253394
213.347919359712666190639122021072608821897
214.5470447834914232229442010725906910456
216.169538508263700265869563354498128575454
219.067596349021378985677256590437241245149
220.714918839314003369115592633906339656761
221.430705554693338732097475119276077950222
224.007000254604335211728875528504895356086
224.98332466958228750378252368052865677209
227.421444279679291310461436160659639963969
229.337413305525348107760083306055740082752
231.250188700499164773806186770010372606708
231.98723525318024860377166853919786220542
233.693404178908300640704494732569788179537
236.524229665816205802475507955662978689529
237.769820480925204003236625926387107794161
239.555477573327628740268932034334492481708
241.049157796216586412837921410335670549646
242.823271934222600016826474458878549953941
244.0708984970781582368165279898445013471
247.136990074897499467550968179208132267865
248.10199006014845925676214208465699735581
249.573689644707209192329794188739970342611
251.014947795016001142954155103708048152327
253.069986747999477194599013785618090930087
255.30625645491402275308649179400142315791
256.380713694434477789358382339729530871217
258.610439491531368208983058644759131632194
259.874406989678000350672844613876592666198
260.805084504596870185931233472464548034939
263.573893904870132233081588131023303170314
265.557851838876320292477308964184914641005
266.614973781501072495720112973867911806636
267.921915082824059440378967172185618374293
269.970449023997602594693505318898479662927
271.494055641644999018179416757522850693544
273.45960918840328704571425029880177292284
275.587492649343841248740702619377784826448
276.45204950313293867988734363839924194808
278.250743529841954492748276711316258926118
279.229250927745189228409880451955359283493
282.465114765052096233027201186501024205507
283.211185733233867420493837943328938298456
284.835963980904724133157633922696216463143
286.667445363002884292847624146414939343868
287.911920501422187155254120271867510385461
289.579854929218834152738023569352343889669
291.846291329067395835513054424638511882821
293.558434139356285356776697106035077343799
294.965369619265542175066448639009671343055
295.573254878958292388460831458778610637285
297.979277061943415209929682957682834181057
299.840326053721312960027052525293769254216
301.649325462194183623470100208417982081106
302.696749589606917051751477095352922762936
304.864371340857297700148749903144499592587
305.728912602036809289222821261660967256963
307.219496128170054789410033399934502267434
310.109463146701898804786219767998945834763
311.165141530356003270942670800354819899189
312.427801180600891980485983092874263762854
313.985285731158922979048965754576328568025
315.475616089475733868596078143953765335775
317.734805942370180395645494204968114015243
318.853104256316597906689184547749182203013
