a_67  = 5  (67 mod 3 = 1 -> split, expect nonzero)
a_61  = -1  (61 mod 3 = 1 )
a_31  = -4  (31 mod 3 = 1 -> inert, expect 0)
a_64  = -8  (2-tower k=6: 2^6)
check: 4pi/3=4.18879  ln67=4.20469  ln64=4.15888  measured peak~4.2065
  -> ln67 is the match (d=0.0018 vs 4pi/3 d=0.0177)
